100
267 -159
300 134
524 -31
158 278
264 762
-55 505
627 81
291 761
742 795
236 627
404 191
-47 702
182 92
516 221
695 518
526 247
338 571
712 669
99 467
694 -165
611 503
133 122
464 473
511 -59
668 53
444 347
557 462
659 -163
541 523
578 329
-165 116
642 -10
-94 88
742 -160
448 64
605 246
529 690
150 170
-99 -194
348 193
423 429
754 -116
640 556
176 766
108 731
239 744
123 426
338 337
-118 -82
341 729
-85 633
458 439
730 504
106 777
186 473
545 -179
-128 724
629 70
373 577
312 -103
90 786
436 -39
567 155
374 455
-148 -169
-50 150
524 741
230 766
-9 -93
137 -193
87 257
183 553
709 745
558 9
388 21
746 222
-170 306
-32 213
391 700
455 562
159 210
337 424
283 348
-159 395
150 402
636 91
-180 174
-179 396
-1 148
284 468
534 81
799 -147
738 218
588 700
267 -73
693 528
283 448
221 607
417 110
314 613
