1000
267 -159
300 134
524 -31
158 278
264 762
-55 505
627 81
291 761
742 795
236 627
404 191
-47 702
182 92
516 221
695 518
526 247
338 571
712 669
99 467
694 -165
611 503
133 122
464 473
511 -59
668 53
444 347
557 462
659 -163
541 523
578 329
-165 116
642 -10
-94 88
742 -160
448 64
605 246
529 690
150 170
-99 -194
348 193
423 429
754 -116
640 556
176 766
108 731
239 744
123 426
338 337
-118 -82
341 729
-85 633
458 439
730 504
106 777
186 473
545 -179
-128 724
629 70
373 577
312 -103
90 786
436 -39
567 155
374 455
-148 -169
-50 150
524 741
230 766
-9 -93
137 -193
87 257
183 553
709 745
558 9
388 21
746 222
-170 306
-32 213
391 700
455 562
159 210
337 424
283 348
-159 395
150 402
636 91
-180 174
-179 396
-1 148
284 468
534 81
799 -147
738 218
588 700
267 -73
693 528
283 448
221 607
417 110
314 613
416 109
251 735
49 400
356 319
103 598
-192 24
409 644
502 789
285 -5
143 -107
387 323
303 114
0 248
418 258
596 380
81 598
598 389
-43 -191
422 272
92 338
-21 -162
457 -10
-9 758
688 615
311 -44
434 2
-145 72
446 128
686 162
233 675
-58 669
216 644
798 681
451 122
499 -179
276 357
189 692
512 -125
310 400
669 -197
488 661
589 201
223 55
385 -198
85 -18
226 -112
557 417
732 632
-46 -31
-11 521
129 776
492 168
355 225
349 234
312 241
-140 -55
553 518
223 -61
796 79
329 487
237 349
749 666
-5 -7
216 97
-95 86
82 288
534 255
501 -86
471 116
63 586
155 113
-147 -15
608 712
745 632
556 113
358 121
782 446
-56 281
22 -4
-39 -71
250 335
266 -27
459 -156
239 92
-176 53
310 -46
449 545
113 -14
-178 274
-182 -32
705 587
191 758
425 2
214 277
624 114
674 134
-41 172
-130 633
97 287
-23 318
70 573
468 563
785 -8
280 -98
427 13
-101 602
425 327
724 343
772 -177
-19 -139
232 -197
393 305
-169 525
-58 292
86 22
700 -136
160 -13
774 213
-30 70
633 35
560 511
467 696
350 85
494 -60
424 495
-75 -181
494 376
102 458
266 171
393 478
284 651
264 -182
-48 -81
-113 600
726 -140
557 -190
115 -30
27 376
558 -157
-91 -36
-114 682
287 365
274 377
427 425
728 429
320 223
762 702
396 -77
61 537
325 -5
60 64
-84 2
126 -170
571 -189
347 211
320 -47
724 590
563 -12
651 740
629 462
513 700
378 758
-193 165
0 277
239 -142
560 103
124 157
-92 277
687 -87
650 601
228 260
184 793
340 205
504 -89
156 635
150 -128
285 623
16 356
157 426
157 326
71 137
161 669
-178 696
-88 417
496 517
-159 385
-71 223
365 29
732 359
655 96
762 -147
534 384
772 454
169 257
763 332
283 407
435 711
648 -133
738 475
-58 23
311 554
-25 541
625 259
670 21
734 426
583 5
198 650
501 79
534 -7
334 437
793 356
505 -24
348 762
100 681
441 213
655 655
262 -58
677 411
478 224
243 552
473 96
113 -160
-128 675
410 618
732 -183
495 -88
631 -31
288 -160
-110 485
389 297
-55 790
114 153
540 451
58 -156
559 135
405 -8
-19 64
629 303
408 575
797 92
356 349
427 361
341 267
40 -71
-26 613
-123 401
483 15
792 13
401 624
559 192
228 470
-116 -173
586 -125
770 298
647 87
303 404
463 21
163 506
-29 -190
40 289
342 -36
713 419
504 391
32 618
5 550
339 775
222 103
47 -102
448 384
664 771
-125 713
512 345
478 346
62 569
785 319
744 89
340 665
308 45
670 118
123 401
272 -68
-113 -48
563 370
-97 701
327 223
769 400
365 -185
343 -172
-112 147
437 743
263 209
481 -151
142 388
-140 408
558 21
688 754
490 -54
643 749
420 230
-133 548
583 336
26 -165
-162 -15
429 653
548 24
159 723
566 57
755 744
526 118
-175 211
-199 155
296 349
315 384
142 764
713 -125
-4 -58
-128 748
406 226
229 -27
505 204
612 426
-107 175
-164 365
-59 536
794 614
452 56
638 736
155 282
-69 -185
641 30
-189 425
-14 437
450 490
434 462
153 693
252 216
62 -192
254 33
434 103
56 103
-76 -52
13 117
-172 -91
-120 0
658 118
-45 -150
64 161
476 703
709 443
361 702
748 289
453 82
20 474
723 202
169 631
59 678
419 -192
-197 771
581 745
192 304
113 485
389 498
738 522
210 -163
34 261
761 308
293 759
69 315
669 737
500 -142
64 771
15 -83
615 355
-161 130
88 12
754 -118
510 -115
574 284
615 180
341 751
479 -85
698 -90
588 -127
-68 777
489 756
-192 -87
590 741
163 523
-16 -172
0 578
685 -129
-129 774
667 133
95 -47
625 -32
429 476
398 450
493 109
-120 486
49 -84
328 467
664 479
205 221
616 626
526 316
-113 466
764 481
486 140
462 -179
-136 521
215 109
673 702
741 -76
562 545
331 223
68 606
402 118
107 707
-188 281
430 -64
609 -86
356 -116
93 90
-48 796
145 -146
48 508
512 291
-86 -69
758 239
504 522
-148 795
279 69
223 38
666 718
298 459
-4 286
433 262
-178 -42
192 -54
725 -163
258 447
607 402
630 -102
400 92
599 78
248 152
340 682
375 115
367 562
197 136
697 218
651 628
30 616
725 249
29 458
740 320
-53 360
455 -38
592 475
554 161
-54 198
746 514
369 -12
463 438
315 -125
275 321
328 415
370 34
264 705
762 357
324 -39
269 349
723 130
133 150
710 725
136 537
78 137
436 193
-36 514
749 391
305 -65
-196 137
423 137
770 464
368 408
-115 81
173 -48
-6 452
626 676
372 196
440 49
619 -26
411 743
89 741
365 219
385 605
250 16
409 415
-34 -136
-126 693
100 309
373 495
-39 389
768 -28
-169 158
226 68
222 310
579 574
352 710
191 -18
564 295
164 674
55 702
274 260
621 772
347 -78
589 377
-5 405
750 394
554 143
-188 281
239 472
712 228
767 562
215 208
23 708
234 559
286 4
758 119
606 745
500 -34
492 167
332 587
774 356
-179 247
22 83
176 131
748 383
782 523
576 -182
-89 20
656 -18
725 290
286 124
769 477
334 443
468 477
791 -132
583 -4
527 628
671 226
412 497
-173 503
345 208
-15 308
37 38
113 243
650 301
-89 -72
-51 450
254 -8
481 669
67 265
593 513
272 434
630 772
242 701
677 -23
502 570
181 164
623 390
-177 37
395 -21
127 -31
110 -158
-142 -18
287 726
328 470
58 451
660 13
86 583
410 542
-72 272
641 234
303 518
665 667
681 738
550 57
398 414
461 258
556 -137
78 607
235 289
-125 165
186 386
160 633
-152 130
292 728
640 233
535 566
399 610
692 637
128 782
169 152
594 44
52 408
232 447
8 335
297 64
449 43
641 -185
-100 -11
448 612
651 323
433 274
0 691
790 654
719 497
378 580
344 731
287 140
325 699
338 283
-7 292
-189 52
634 360
297 640
329 585
605 340
192 591
349 10
779 378
77 771
-7 -127
297 420
76 626
382 590
-41 378
289 218
249 -41
-128 724
-192 180
8 767
303 277
407 170
-126 -4
411 522
561 -181
690 -144
483 -37
732 516
541 252
613 754
196 662
415 260
399 704
480 -64
-168 -2
384 187
317 40
470 -194
682 41
323 49
-95 558
-105 421
716 96
-22 478
-142 379
550 377
529 -193
795 -119
476 478
699 553
365 584
408 -107
43 -28
314 729
-145 -32
773 -9
548 722
786 451
246 -56
317 377
716 429
591 674
712 269
493 -54
615 -109
657 749
-148 440
351 36
26 287
755 -38
194 -17
-103 -20
-135 -135
61 313
-122 378
-60 678
747 411
-30 245
289 775
-51 550
665 133
82 14
232 -193
167 696
682 322
441 610
-13 31
279 505
338 121
247 151
446 8
559 76
222 -11
286 466
-172 255
660 414
577 53
303 148
231 661
255 -118
-94 -3
621 552
81 96
255 -179
-76 747
-65 118
574 176
798 659
53 -126
435 722
688 443
32 -47
480 547
478 726
601 250
-1 761
163 655
373 516
45 361
74 273
153 350
87 -19
-90 499
265 443
329 -28
-88 781
181 276
690 47
605 471
-168 172
120 789
231 -35
93 458
378 6
6 748
-34 -29
497 196
494 -180
588 329
784 -91
778 769
-185 417
484 426
706 -32
-103 728
190 -82
585 -1
-1 286
510 220
613 71
-115 215
380 118
67 131
244 187
307 -14
627 160
231 -126
71 -48
493 68
137 685
404 111
206 477
-178 568
-200 213
337 342
188 -162
89 155
-19 447
384 -107
561 787
17 293
282 301
465 247
-96 553
-105 -116
21 325
581 764
-94 672
143 456
-120 393
668 -120
513 211
51 768
-121 16
-160 568
733 331
463 579
453 59
-105 736
674 165
635 520
776 480
525 255
608 -129
-44 359
632 402
240 705
362 175
762 685
636 -120
2 597
-120 308
-124 140
293 -142
346 540
573 274
680 -103
-128 135
507 200
466 755
388 -59
-32 281
196 115
-191 25
-64 -188
562 255
542 -157
722 -179
48 312
168 -182
514 517
90 450
559 135
695 -31
440 103
-1 779
591 -95
481 461
553 452
-171 -167
-158 787
-117 53
614 220
44 518
29 -137
664 452
270 569
-153 -195
287 394
76 126
340 123
790 479
510 388
745 71
270 21
389 -17
778 755
-194 579
-65 62
-4 287
-112 -167
579 735
590 793
765 762
-95 -199
367 607
-66 469
257 471
345 798
18 397
644 638
363 172
64 -172
523 601
404 290
27 401
492 -3
163 571
163 101
365 521
245 221
295 410
-178 541
-49 612
-145 -185
538 193
682 79
