1000
-115.33 -199.453
-135 -195.547
-142.76 -197.747
-106.42 -193.627
-155.36 -187.173
-118.55 -190.6
-131.73 -196.253
-195.09 -187.187
-180.58 -186.733
-145.64 -188.973
-153.96 -194.787
-198.47 -187.973
-176.18 -196.107
-112.84 -194.387
-101.05 -190.427
-182.74 -194.04
-184.62 -189.72
-100.88 -188.413
-137.01 -191.107
-101.06 -199.533
-161.89 -190.627
-196.67 -195.707
-153.36 -191.027
-122.89 -198.12
-131.32 -196.627
-123.56 -192.707
-172.43 -191.173
-171.41 -199.507
-102.59 -190.36
-192.22 -192.947
-169.65 -195.787
-181.58 -197.467
-198.94 -196.16
-110.58 -199.467
-173.52 -196.48
-161.95 -194.053
-132.71 -188.133
-146.5 -195.067
-188.99 -199.92
-164.52 -194.76
-173.77 -191.613
-100.46 -198.88
-181.6 -189.92
-126.24 -187.12
-136.92 -187.587
-175.61 -187.413
-186.77 -191.653
-184.62 -192.84
-179.18 -198.427
-134.59 -187.613
-188.85 -188.893
-103.42 -191.48
-100.7 -190.613
-176.94 -186.973
-176.14 -191.027
-112.55 -199.72
-109.28 -187.68
-141.71 -196.4
-144.27 -189.64
-134.88 -198.707
-167.1 -186.853
-113.64 -197.853
-152.33 -195.267
-144.26 -191.267
-179.48 -199.587
-188.5 -195.333
-182.76 -187.453
-165.7 -187.12
-198.09 -198.573
-186.63 -199.907
-177.13 -193.907
-196.17 -189.96
-110.91 -187.4
-102.42 -197.213
-114.12 -197.053
-150.54 -194.373
-169.7 -193.253
-108.32 -194.493
-174.09 -188
-183.45 -189.84
-136.41 -194.533
-194.63 -191.68
-135.17 -192.693
-159.59 -192.067
-156.5 -191.973
-191.64 -196.12
-189.8 -195.013
-159.79 -192.053
-168.01 -195.36
-155.16 -191.093
-152.66 -196.253
-180.01 -199.293
-120.62 -194.427
-162.12 -188
-195.33 -198.307
-151.07 -190.293
-175.17 -191.36
-175.79 -189.24
-133.83 -195.867
-104.86 -189.16
-123.84 -195.88
-125.49 -187.533
-147.51 -192
-184.44 -193.08
-196.97 -189.36
-189.92 -197.013
-173.91 -188.747
-172.98 -186.813
-195.15 -197.4
-156.57 -198.76
-184.13 -193.027
-104.97 -195.813
-148 -194.027
-133.82 -193.893
-102.04 -192.267
-147.19 -189.36
-192.02 -192.147
-128.43 -199.88
-163.78 -193.707
-177.08 -192.827
-158.21 -199.493
-103.43 -197.467
-138.09 -187.227
-171.12 -189.133
-184.89 -197.92
-173.66 -197.307
-199.45 -196.373
-173.54 -195.627
-151.14 -195.173
-115.67 -188.333
-198.58 -188.413
-185.84 -188.747
-180.02 -188.253
-113.49 -195.707
-143.01 -199.72
-115.24 -192.573
-156.11 -188.107
-192.88 -199
-174.9 -192
-131.31 -199.96
-153.12 -188.52
-102.11 -194.653
-135.77 -196.6
-194.15 -199.973
-197.15 -197.573
-185.74 -198.827
-162.43 -191.773
-190.68 -188.907
-178.46 -197.747
-128.11 -190.387
-186.71 -186.987
-113.08 -195.093
-194.45 -194.333
-134.51 -194.213
-104.88 -194.12
-119.4 -198.067
-162.47 -190.427
-175.77 -198.147
-140.04 -196.28
-174.71 -190.84
-125.63 -192.68
-170.51 -188.453
-168.05 -197.427
-195.84 -196.04
-138.95 -196.187
-137.18 -193.493
-142.66 -193.933
-182.99 -198.48
-193.29 -195.787
-177.37 -189.52
-156.45 -195.827
-199.47 -197.533
-191.92 -187.84
-190.55 -188.907
-122.44 -195.827
-104.42 -195.72
-120.18 -191.387
-158.56 -193.587
-197.78 -197.387
-178.39 -198.28
-195.5 -192.867
-195.34 -197.693
-183.41 -199.413
-135.61 -196.107
-199.76 -196.627
-104.9 -197.947
-193.51 -190.067
-116.87 -197.52
-119.78 -193.68
-159.82 -197.76
-100.95 -189.507
-126.09 -187.227
-163.75 -197.307
-155.86 -193.64
-141.76 -195.813
-141.26 -195.547
-198.41 -195.04
-119.3 -188.893
-117.03 -193.507
-118.23 -193.093
-177.3 -189.693
-173.32 -189.827
-160.15 -197.44
-115.2 -198.64
-123.73 -197.16
-159.01 -189.307
-173.75 -192.973
-180.76 -192.76
-100.28 -199.693
-158.19 -199.187
-125.68 -199.96
-124.07 -193.267
-169.69 -190.333
-198.58 -193.44
-187.14 -197.04
-121 -199.147
-116.4 -197.507
-190.26 -194.493
-108.3 -196.4
-191.67 -196.867
-142.4 -190.52
-153.33 -188.053
-174.5 -196.2
-163.06 -198.133
-183.76 -190.733
-178.75 -199.747
-183.06 -192.32
-136.98 -191.227
-175.34 -195.053
-174.07 -190.96
-145.16 -188.653
-115.36 -199.76
-168.48 -198.413
-119.13 -189.333
-180.74 -199.2
-152.43 -199.867
-196.85 -197.733
-197.73 -192.32
-172.42 -199.427
-148.91 -197.813
-129.14 -188.24
-165.13 -192.467
-155.26 -192.307
-143.73 -191.667
-180.72 -191.613
-114.8 -194.36
-150.38 -187.973
-154.04 -198.36
-167.39 -190.173
-174.75 -197.4
-117.4 -196.48
-118.84 -197.307
-196.74 -199.6
-192.29 -199.853
-144.53 -194.52
-184.8 -197.96
-150.76 -189.467
-182.37 -197.493
-191.49 -187.467
-161.71 -191.173
-122.87 -188
-124.22 -187.227
-169.93 -195.133
-188 -193.64
-135.61 -199.227
-172.4 -195.96
-176.76 -195.24
-148.92 -193.64
-151.13 -198.493
-171.5 -189.32
-175.72 -193.867
-126.16 -186.76
-134.6 -194.6
-112.96 -198.52
-176.44 -188.867
-106.5 -199.04
-155.15 -189.027
-167.84 -192.587
-106.43 -191.653
-166.43 -192.987
-167.29 -195.507
-106.39 -188.413
-169.78 -188.053
-198.88 -191.773
-113.04 -190.44
-159.59 -192.2
-158.71 -194.36
-154.35 -196.947
-110.68 -192.547
-101.45 -196.053
-130.38 -199.293
-102.66 -192.213
-130.28 -191.28
-156.31 -193.907
-170.37 -192.907
-175.17 -191.907
-183.65 -187.853
-171.52 -199.107
-170.62 -191
-178.58 -197.027
-134.89 -189.947
-198.25 -190.12
-121.75 -193.88
-121.3 -197.053
-180.66 -191.653
-182.17 -197.267
-126.02 -188.667
-172.99 -196.28
-172.66 -197.427
-134.66 -191.507
-180.07 -192.587
-142.95 -197.653
-194.52 -187.173
-197 -188.253
-133.59 -194.493
-151.45 -188.6
-185.38 -198.107
-191.23 -191.853
-173.22 -194.347
-115.57 -189.973
-173.27 -196.053
-106.87 -199.467
-199.28 -188.333
-193.9 -189.093
-150.68 -199.773
-193.05 -198.507
-161.69 -197.747
-135.12 -199.467
-109.1 -190.867
-174.11 -193.373
-148.55 -186.8
-106.86 -195.293
-132.6 -191.32
-187.42 -199.413
-112.41 -195.533
-123.95 -197.44
-178.19 -196.48
-161.71 -193.293
-193.92 -189.667
-140.03 -196.107
-104.44 -192.68
-183.73 -192.52
-104.59 -193.773
-187.6 -198.28
-108.26 -189.16
-139.23 -191.987
-113.17 -197.133
-160.08 -197.16
-143.99 -189.013
-142.41 -194.773
-135.72 -191.067
-159.16 -199.64
-112.14 -199
-150.3 -193.36
-161.53 -196.173
-194.97 -191.947
-173.37 -197.053
-176.37 -190.587
-178.29 -199.867
-117.6 -193.48
-144.58 -197.813
-190.87 -191.747
-132.96 -192.12
-107.68 -189.093
-147.95 -190
-184.61 -187
-185.78 -195.96
-187.53 -198.693
-163.52 -192.213
-121.36 -187.053
-189.25 -187.827
-112.88 -192.733
-113.22 -192.72
-147.38 -189.747
-160.15 -193.08
-140.56 -196.147
-114.6 -188.467
-144.92 -196.733
-121.3 -195.76
-116.77 -191.987
-155.28 -198.24
-149.13 -197.973
-102.37 -192.4
-128.97 -187.987
-164.73 -194.36
-130.31 -192
-144.35 -199.8
-184.57 -199.627
-179.12 -195.373
-173.63 -187.427
-135.37 -194.547
-153.19 -199.347
-186.58 -192.16
-179.4 -191.893
-182.42 -197.053
-191.12 -187.28
-193.1 -198.053
-171.57 -187.347
-143.8 -194.267
-129.33 -190.027
-192.17 -192.853
-177.74 -199.533
-129.62 -197.533
-143.71 -188.627
-142.52 -197.013
-166.41 -187.693
-152.34 -196.573
-150.45 -187.413
-172.74 -195.76
-189.75 -194.52
-189.99 -195.267
-105.04 -192.68
-104.85 -192.213
-166.58 -187.147
-120.87 -199
-188.04 -198.107
-149.28 -187.36
-153.94 -194.32
-155.71 -197.693
-132.95 -194.613
-101.88 -191.653
-199.07 -195
-139.64 -192.467
-108.59 -190.187
-140.06 -189.147
-133.48 -196.587
-191.62 -187.52
-186.45 -193.573
-188.69 -199.8
-121.59 -196.933
-179.89 -191.667
-158.14 -191.507
-183.5 -190.8
-183.66 -191.173
-196.47 -188.093
-165.48 -194.453
-127.38 -199.893
-145.46 -196.893
-133.66 -195.96
-157.44 -195.96
-188.76 -198.027
-157.87 -195.773
-159.72 -198.547
-189.2 -197.333
-131.42 -195.76
-158.45 -199.333
-147.36 -195.187
-163.24 -187.96
-130.91 -191.427
-164.39 -187.973
-150.52 -193.48
-163.47 -196.24
-177.8 -191.013
-130.77 -194.64
-106.31 -188.92
-197.41 -188.293
-173.81 -199.893
-199.97 -187.053
-102.19 -187.4
-176.08 -193.28
-146.87 -190.867
-144.11 -190.693
-140.62 -190.373
-135.9 -199.507
-137.66 -193.853
-100.39 -193.227
-135.07 -187.213
-147.31 -193.133
-111.31 -187.507
-153 -199.227
-137.36 -187.053
-137.85 -198.44
-121.85 -192.6
-169.61 -195.6
-107.12 -197.173
-180.46 -198.907
-192.9 -198.867
-152.26 -193.547
-101.85 -194.933
-134.59 -187.32
-183.21 -198.467
-141.02 -198.533
-192.12 -199.027
-118.68 -186.973
-113.11 -187.253
-199.92 -198.493
-142.1 -187.453
-186.37 -190.36
-148.16 -199.627
-128 -189.627
-181.15 -199.053
-189.29 -187.013
-171.33 -195.56
-157.05 -197.96
-191.75 -197.76
-143.71 -190.987
-174.02 -191.333
-153.07 -195.88
-199.2 -190.853
-177.51 -198.453
-184.72 -191.107
-121.36 -190.947
-115.95 -194.387
-131.84 -188.987
-122.74 -193.12
-109.13 -191.12
-100.36 -190.92
-143.14 -195.467
-183.38 -199.72
-139.36 -190.387
-195.85 -195.88
-101.27 -187.973
-160.59 -198.347
-182.38 -190.067
-124.69 -194.36
-177.32 -189.253
-143.98 -195.76
-156.93 -187.907
-189.88 -193.587
-133.7 -198.187
-131.91 -198.48
-164.44 -198.88
-187.07 -196.133
-108.48 -186.72
-146.55 -199.28
-197.52 -190.56
-162.88 -193.453
-198.86 -198.253
-120.42 -194.147
-102.96 -190.373
-189.48 -186.733
-125.21 -196.413
-135.77 -196.827
-191.34 -187.76
-175.02 -191.213
-188.04 -193.52
-133.67 -193.84
-179.78 -197.893
-116.08 -198.053
-160.75 -199.507
-105.42 -191.373
-191.93 -191.973
-121.7 -198.693
-154 -196.107
-192.01 -196.293
-195.52 -195.307
-194.6 -188.24
-154.25 -195.8
-104.33 -189.84
-116.03 -195.52
-101.03 -194.427
-161.49 -188.96
-157.7 -189.12
-130.75 -194.013
-197.71 -191.227
-190.6 -193.067
-148.53 -192.533
-183.45 -197.84
-192.08 -191
-182.46 -195.187
-168.54 -194.693
-130.54 -190.48
-104.31 -197.493
-123.37 -191.493
-154.85 -199
-195.25 -193.053
-194.72 -191.8
-174.3 -196.88
-105.36 -187.933
-110.38 -192.573
-194.76 -197.853
-125.31 -192.68
-180.77 -195.6
-156.67 -195.333
-190.9 -187.667
-136.64 -190.173
-187.22 -195.507
-123.64 -194.76
-118.36 -190.48
-100.51 -192.12
-174.95 -198.2
-199.96 -195.507
-173.77 -195.507
-100.3 -191.147
-194.32 -191.893
-129.15 -196.253
-116.27 -197.973
-118.06 -191.307
-161.74 -188.32
-124.28 -194.72
-153.6 -196.68
-111.81 -197.68
-173.89 -187.427
-197.11 -187.453
-144.35 -194.413
-124.15 -189.267
-185.5 -197.12
-173.91 -191.8
-108.34 -199.147
-139.26 -188.093
-197 -193.213
-104.27 -190.733
-168.39 -192.147
-120.32 -197.707
-139.69 -195.227
-105.74 -196.427
-195.78 -193.2
-112.21 -189.68
-164.48 -187.867
-146.09 -197.573
-142.36 -193.4
-186.36 -188.347
-117.45 -187.973
-195.26 -193.867
-131.79 -187.04
-144.53 -198.373
-102.11 -192.307
-198.05 -191.933
-120.5 -192.08
-192.46 -195.427
-189.88 -193.587
-165.61 -191.04
-140.88 -194.293
-140.33 -189.84
-155.85 -194.56
-127.77 -187.893
-135.66 -189.88
-105.14 -197.28
-190.42 -195.747
-131.94 -187.4
-113 -197.787
-123.08 -195.107
-114.68 -189.507
-190.26 -192.587
-149.79 -194.04
-137.78 -196.227
-176.24 -195.587
-130.52 -192.227
-120.18 -190.36
-152.24 -199.76
-188.89 -197.067
-161.44 -197.573
-110.75 -193.467
-135.14 -195.68
-140.31 -190.973
-124.66 -191.427
-173.32 -190.973
-180.09 -199.093
-122.17 -197.387
-122.73 -188.96
-141.29 -194.32
-123.88 -190.707
-189.73 -190.627
-144.55 -194.56
-128.15 -193.227
-157.63 -196.827
-186.87 -194.093
-111.5 -193.32
-178.89 -198.293
-118.51 -191.333
-185.46 -197.44
-193.19 -188.413
-197.33 -193.8
-102.07 -190.493
-145.28 -191.547
-171.7 -187.04
-115.58 -187.987
-161.23 -197.64
-192.98 -189.733
-186.19 -195.147
-111.77 -192.133
-119.77 -196.84
-134.05 -197.613
-176.73 -197.747
-186.9 -199.44
-189.42 -197.573
-105.13 -187.653
-174.72 -191.067
-177.42 -191.32
-101.4 -197.16
-187.14 -189.56
-113.9 -190.107
-128.72 -193.707
-141.59 -194.213
-164.97 -190.427
-151.35 -188.44
-181.19 -187.493
-172.5 -196.573
-114.02 -191.813
-173.39 -193.893
-172.44 -199.16
-197.22 -189.24
-105.65 -193.48
-179.25 -195.133
-186.14 -192.187
-116.4 -188.893
-139.52 -195.6
-105.08 -187.627
-161.6 -194.227
-182.65 -189.787
-184.01 -189.2
-181.08 -188.84
-126.72 -186.907
-186.31 -195.307
-182.06 -196.747
-107.48 -191.893
-125.68 -191.373
-127.92 -192.867
-165.03 -196.48
-123.51 -196.76
-131.59 -199.8
-139 -197.48
-193.52 -189.173
-101.49 -193.027
-113.67 -193.68
-128 -188.12
-100.1 -188.613
-150.81 -190.707
-174.22 -189.6
-174.56 -187.587
-165.13 -195.467
-174.75 -188.013
-144.62 -193.56
-138.07 -193.44
-149.89 -196.64
-141.66 -192.533
-185.03 -188.8
-114.71 -189.533
-111.95 -192.8
-166.08 -189.453
-164.51 -197.2
-130.21 -192.293
-107.23 -187.053
-198.07 -199.027
-185.03 -191.733
-187.24 -188.987
-134.18 -189.467
-188.41 -192.293
-135.11 -194.427
-165.51 -197.88
-109.28 -187.68
-129.92 -194.933
-197.92 -187.107
-114.97 -193.64
-173.93 -195.067
-179.26 -197.387
-173.89 -190.373
-112.39 -199.747
-171.1 -199.253
-133.17 -197.827
-100.68 -190.453
-172.59 -193.973
-131.87 -187.28
-196.04 -188.507
-193.85 -193.867
-174.01 -187.947
-153.2 -198.187
-129.68 -197.36
-174.16 -194.84
-164.83 -196.8
-113.3 -199.92
-111.18 -196.787
-164.77 -196.68
-178.95 -189.893
-129.05 -191.72
-100.84 -196.053
-198.22 -190.96
-149.42 -192.28
-172.5 -192.307
-162.71 -199.907
-170.05 -198.92
-153.24 -190.96
-191.01 -189.96
-144.35 -189.547
-163.92 -198.76
-187.57 -197.707
-124.86 -187.613
-149.45 -197.76
-140.27 -197.453
-132.52 -187.707
-190.14 -191.32
-135.54 -198.08
-134.83 -192.307
-100.84 -191.613
-142.09 -188.347
-170.88 -193.747
-193.07 -198.053
-101.85 -198.787
-131.43 -187.347
-139.48 -191.467
-114.49 -196.853
-187.74 -193.507
-130.45 -197.84
-116.06 -197.56
-139.03 -197.6
-129.35 -199.133
-107.39 -193.16
-189.22 -192.293
-158.6 -188.293
-180.53 -191.853
-198.3 -194.067
-165.11 -187
-138.51 -190
-161.35 -195.56
-127.18 -197.147
-125.68 -199.907
-136.33 -188.053
-151.18 -193.04
-123.59 -189.2
-178.13 -196.92
-135.21 -190.6
-134.62 -195.72
-105.53 -195.32
-103.54 -197.227
-142.41 -196.32
-195.78 -197.48
-115.14 -191.12
-179.72 -193.933
-151.4 -191.813
-182.23 -196.627
-174.97 -195.36
-175.69 -188.52
-175.45 -198.907
-178.94 -197.373
-141.79 -189.973
-137.19 -196.053
-155.45 -199.72
-128.76 -187.373
-108.65 -195.76
-182.26 -194.987
-150.02 -188.547
-107.47 -199.013
-193.65 -187.707
-111.12 -191.427
-167.68 -197.96
-113.2 -190.04
-143.22 -187.653
-151.99 -194
-158.01 -187.187
-136.37 -188.6
-194.27 -190.453
-167.55 -192.52
-117.26 -193.693
-156.47 -192.667
-157.13 -197.587
-118.9 -190.68
-125.35 -191.427
-174.71 -197.707
-178.88 -186.92
-156.19 -193.653
-131.1 -196.707
-111.95 -191.053
-199.68 -195.04
-106.8 -186.813
-145.69 -197.8
-187.07 -191.227
-134.22 -197.253
-177.94 -187.36
-118.34 -197.72
-133.03 -194.72
-163.06 -199.733
-152.12 -192.947
-120.16 -198.547
-110.22 -187.08
-159.85 -191.773
-163.16 -191.653
-120.94 -197.76
-179.03 -187.627
-156.1 -198.427
-182.15 -197.347
-108.01 -193.52
-192.9 -194.4
-141.87 -196.387
-139.15 -194.467
-164.2 -195.76
-127.33 -195.587
-165.56 -194.84
-154.93 -197.52
-121.73 -195.2
-135.69 -199.013
-197.29 -197.973
-153.07 -196.427
-196.63 -188.2
-123.96 -195.853
-195.94 -190.973
-109.78 -189.76
-150 -194.493
-124.63 -192.773
-186.12 -199.493
-167.11 -195.267
-168.19 -191.373
-134.16 -198.76
-192.39 -186.84
-117.83 -193.427
-125.18 -193.32
-143.35 -194.04
-178.96 -189.96
-109.05 -198.88
-197.79 -193
-182.19 -187.147
-118.94 -188.373
-166.57 -191.253
-129.2 -192.093
-151.32 -198.933
-162.87 -194.52
-167.49 -187.093
-179.21 -197.12
-129.6 -189.76
-170.67 -192.92
-193.37 -189.613
-133.47 -196.547
-179.05 -187.52
-181.26 -195.133
-131.65 -190.4
-110.24 -190.933
-142.75 -193.933
-151.92 -199.053
-108.44 -192.547
-121.68 -191.973
-195.6 -187.933
-184.38 -195
-180.38 -188.2
-181.64 -198.933
-187.98 -189.373
-199.2 -193.227
-179.24 -195.467
-185.07 -199.227
-114.54 -190.133
-152.27 -193.68
-111.2 -198.707
-189.28 -195.533
-192.93 -194.667
-193.34 -187.267
-164.12 -198.12
-128.32 -193.587
-106.04 -195.8
-189.91 -197
-118.64 -199.84
-112.38 -193.933
-192.58 -199.427
-120.78 -199.72
-107.52 -193.173
-126.32 -199.76
-102.86 -190.44
-167.1 -191.333
-172.41 -195.533
-181.05 -197.747
-173.6 -195.96
-158.01 -186.947
-152.09 -198.6
-113.19 -191.187
-112.47 -191.307
-179.71 -199.56
-129.58 -186.84
-199.17 -196.627
-141.86 -194.4
-177.56 -190.427
-127.71 -199.16
-111.36 -191.307
-195.3 -189.747
-189.53 -199.933
-185.13 -192.08
-167.24 -195.653
-134.6 -195.693
-160.1 -190.947
-152.9 -192.16
-120.55 -196.387
-115.3 -197.053
-164.11 -197.56
-150.22 -187.267
-149.94 -189.613
-198.65 -196.507
-128.04 -193.507
-179.12 -199.56
-102.21 -187.533
-152.1 -186.76
-110.35 -187.173
-108.95 -199.987
-154.33 -189.24
-168.66 -191.08
-185.43 -191.053
-164.55 -186.693
-157.82 -192.04
-151.56 -188.827
-114.37 -195.04
-107.36 -199.627
-152.77 -189.32
-123.96 -193.467
-157.73 -191.987
-163.08 -197.373
-196.37 -189.72
-176.37 -195.987
-164.35 -190.387
-165.55 -194.387
-195.05 -191.867
-149.78 -190.12
-108.49 -189.173
-119.45 -199.8
-112.62 -194.76
-101.18 -196.28
